-2.0055960
-1.9586616
-1.8974322
-1.8081828
-1.8000148
-1.7848249
-1.7112757
-1.6953083
-1.6646877
-1.6369641
-1.4515262
-1.4196058
-1.3492184
-1.3160898
-1.2945898
-1.2532239
-1.1981710
-1.1679705
-1.1569913
-1.0968087
-0.9999728
-0.9774198
-0.9172711
-0.8489652
-0.8084792
-0.7523636
-0.7437041
-0.6270191
-0.5614079
-0.5538501
-0.4876068
-0.4619673
-0.3267542
-0.2494475
-0.2225047
-0.2194393
-0.2070941
-0.1493686
-0.0850403
-0.0815698
-0.0439620
0.0077468
0.0847662
0.3052516
0.3358035
0.3379775
0.4132359
0.4133647
0.4601591
0.5178028
0.5647063
0.5859594
0.5896462
0.6157663
0.7924180
0.8281655
0.8845938
0.8870532
1.0600955
1.0848835
1.1060297
1.1188069
1.1338458
1.1528331
1.1546661
1.3247144
1.3660694
1.4024900
1.4877336
1.5395230
1.6350505
1.6723902
1.6972385
1.7346483
1.7422742
1.7615158
1.8403975
1.8505707
1.8633069
1.9024814
1.9787258
1.9918008
2.0278016
2.0387573
2.1368141
2.2002701
2.3165322
2.3933515
2.4929703
2.5701020
2.5865656
2.5975830
2.6216068
2.6682707
2.7153225
2.7278425
2.9565911
2.9704180
2.9903739
3.0498960
